1999 
1124 
578 
2666 
1302 
1815 
637 
2514 
141 
1036 
2567 
802 
2778 
246 
569 
2765 
989 
177 
1918 
622 
304 
548 
1449 
1144 
1296 
768 
1154 
2537 
1739 
232 
2298 
580 
2286 
2434 
1698 
166 
969 
1735 
961 
816 
2295 
45 
2150 
2443 
2652 
254 
1133 
2445 
339 
2516 
15 
1956 
1687 
64 
600 
1451 
2674 
2434 
1370 
534 
661 
1100 
775 
2909 
1737 
1986 
1516 
343 
1547 
402 
1795 
2254 
2215 
1102 
1327 
258 
1398 
2005 
1492 
1041 
2634 
1708 
2197 
2222 
216 
341 
1893 
2221 
1834 
247 
491 
1535 
364 
426 
154 
1194 
2270 
2241 
705 
666 
1738 
790 
898 
2936 
720 
760 
2741 
584 
1737 
341 
52 
669 
941 
329 
900 
1953 
1902 
1552 
2692 
1396 
92 
2294 
1509 
1300 
2911 
260 
1890 
1788 
947 
132 
988 
2157 
1299 
826 
2303 
1843 
8
10 
2261 
1502 
2456 
599 
1308 
484 
1492 
194 
2822 
593 
34 
2526 
1201 
2292 
718 
2
548 
2308 
573 
2443 
2281 
2597 
25 
459 
1870 
952 
2637 
1605 
2353 
895 
2369 
115 
1025 
2056 
1142 
2641 
49 
2
36 